
=== Comparison (test folds; thresholds for @s* chosen on inner validation) ===
              variant  params              F1     Sensitivity     Specificity             AUC ChallengeScore FA_suppressed@s95 realised_sens@s95 FA_suppressed@s99 realised_sens@s99 FA_suppressed@s100 realised_sens@s100
             ecg_only  261055 0.642 +/- 0.063 0.704 +/- 0.125 0.714 +/- 0.123 0.782 +/- 0.049           49.6             0.308             0.922             0.171             0.952              0.171              0.952
             ppg_only  261055 0.602 +/- 0.059 0.799 +/- 0.139 0.499 +/- 0.114 0.719 +/- 0.051           47.8             0.350             0.933             0.274             0.962              0.274              0.962
               concat  256333 0.693 +/- 0.052 0.731 +/- 0.089 0.773 +/- 0.087 0.836 +/- 0.040           54.4             0.404             0.929             0.267             0.968              0.267              0.968
      cross_attention  261505 0.699 +/- 0.049 0.734 +/- 0.114 0.786 +/- 0.091 0.841 +/- 0.033           55.4             0.399             0.924             0.249             0.963              0.249              0.963
   bi_cross_attention  266463 0.691 +/- 0.054 0.734 +/- 0.099 0.768 +/- 0.090 0.833 +/- 0.042           54.5             0.419             0.921             0.293             0.957              0.293              0.957
    joint_transformer  265021 0.692 +/- 0.057 0.717 +/- 0.111 0.792 +/- 0.084 0.840 +/- 0.036           54.3             0.422             0.928             0.271             0.969              0.271              0.969
           bottleneck  265917 0.652 +/- 0.072 0.700 +/- 0.146 0.735 +/- 0.141 0.801 +/- 0.061           50.8             0.364             0.922             0.241             0.959              0.241              0.959
gated_cross_attention  258595 0.697 +/- 0.059 0.712 +/- 0.108 0.803 +/- 0.101 0.841 +/- 0.039           54.4             0.403             0.923             0.265             0.959              0.265              0.959
             resnet1d  277649 0.760 +/- 0.060 0.764 +/- 0.104 0.854 +/- 0.077 0.884 +/- 0.039           61.4             0.494             0.922             0.306             0.953              0.306              0.953
        inceptiontime  261215 0.732 +/- 0.068 0.745 +/- 0.112 0.827 +/- 0.106 0.876 +/- 0.044           58.3             0.496             0.930             0.324             0.967              0.324              0.967
                bigru  265293 0.678 +/- 0.065 0.734 +/- 0.121 0.744 +/- 0.117 0.829 +/- 0.049           53.7             0.448             0.917             0.272             0.961              0.272              0.961
                  tcn  267492 0.751 +/- 0.053 0.765 +/- 0.096 0.838 +/- 0.091 0.887 +/- 0.034           60.5             0.491             0.926             0.327             0.962              0.327              0.962
          transformer  277505 0.555 +/- 0.057 0.731 +/- 0.167 0.461 +/- 0.250 0.652 +/- 0.080           40.1             0.153             0.930             0.084             0.958              0.084              0.958
                  ssm  264360 0.723 +/- 0.052 0.752 +/- 0.098 0.804 +/- 0.081 0.857 +/- 0.038           57.9             0.457             0.917             0.273             0.962              0.273              0.962
         gbm_features       0 0.798 +/- 0.040 0.788 +/- 0.070 0.891 +/- 0.035 0.918 +/- 0.025           65.0             0.588             0.941             0.419             0.970              0.419              0.970

=== Per alarm type (cross_attention, out-of-fold, pooled over seeds) ===
             alarm_type   n  n_true_alarms       F1  Sensitivity  Specificity      AUC  ChallengeScore
               Asystole  93             14 0.413793     0.557143     0.798734 0.744430       60.186757
            Bradycardia  73             39 0.749304     0.689744     0.826471 0.837526       45.304778
            Tachycardia 111            106 0.916418     0.868868     0.420000 0.698981       56.542617
Ventricular_Flutter_Fib  45              5 0.259259     0.420000     0.772500 0.661350       58.303887
Ventricular_Tachycardia 270             59 0.492795     0.579661     0.783886 0.750157       54.062839

=== Per-type false-alarm suppression at fixed sensitivity (cross_attention) ===
        variant              alarm_type operating_point  sensitivity  false_alarms_suppressed  n_true  n_false
cross_attention                Asystole            s100     0.907143                 0.273418     140      790
cross_attention                Asystole             s95     0.828571                 0.448101     140      790
cross_attention                Asystole             s99     0.907143                 0.273418     140      790
cross_attention             Bradycardia            s100     0.969231                 0.373529     390      340
cross_attention             Bradycardia             s95     0.923077                 0.526471     390      340
cross_attention             Bradycardia             s99     0.969231                 0.373529     390      340
cross_attention             Tachycardia            s100     0.982075                 0.180000    1060       50
cross_attention             Tachycardia             s95     0.966981                 0.280000    1060       50
cross_attention             Tachycardia             s99     0.982075                 0.180000    1060       50
cross_attention Ventricular_Flutter_Fib            s100     0.980000                 0.192500      50      400
cross_attention Ventricular_Flutter_Fib             s95     0.820000                 0.337500      50      400
cross_attention Ventricular_Flutter_Fib             s99     0.980000                 0.192500      50      400
cross_attention Ventricular_Tachycardia            s100     0.935593                 0.232701     590     2110
cross_attention Ventricular_Tachycardia             s95     0.877966                 0.373934     590     2110
cross_attention Ventricular_Tachycardia             s99     0.935593                 0.232701     590     2110

=== Performance vs signal quality (cross_attention) ===
 quality_bin   n       F1  Sensitivity  Specificity
           0 197 0.674476     0.710390     0.745833
           1 162 0.766423     0.807692     0.798969
           2 233 0.672279     0.690123     0.806579

=== Model size / inference speed ===
              variant  params  latency_ms  throughput_per_sec
             ecg_only  261055    9.302194          107.501519
             ppg_only  261055    8.859935          112.867648
               concat  256333   17.579277           56.885162
      cross_attention  261505   17.424777           57.389545
   bi_cross_attention  266463   18.428462           54.263889
    joint_transformer  265021   16.349645           61.163409
           bottleneck  265917   19.027860           52.554517
gated_cross_attention  258595   21.568520           46.363867
             resnet1d  277649   22.787547           43.883617
        inceptiontime  261215   14.596751           68.508397
                bigru  265293   10.806489           92.536993
                  tcn  267492   33.063951           30.244420
          transformer  277505   13.423991           74.493493
                  ssm  264360   33.774943           29.607748

=== Pre-registered comparisons (Nadeau-Bengio + record bootstrap, Holm-corrected) ===
       baseline            challenger  n_pairs  f1_mean_diff      nb_t     nb_p  boot_diff[f1@t50]  boot_ci[f1@t50]  boot_p[f1@t50]  boot_diff[challenge_score@t50] boot_ci[challenge_score@t50]  boot_p[challenge_score@t50]  boot_diff[specificity@s95] boot_ci[specificity@s95]  boot_p[specificity@s95]  nb_p_holm  boot_p[f1@t50]_holm  boot_p[challenge_score@t50]_holm  boot_p[specificity@s95]_holm
         concat       cross_attention       50      0.005747  0.160279 0.873320           0.006452 [-0.015, +0.028]          0.5552                        0.638421             [-1.923, +3.260]                       0.6364                   -0.004878         [-0.023, +0.013]                   0.5912   1.000000               1.0000                            1.0000                        1.0000
       ecg_only       cross_attention       50      0.056508  1.500101 0.140004           0.057566 [+0.028, +0.088]          0.0004                        5.562905             [+2.120, +8.970]                       0.0020                    0.091057         [+0.055, +0.128]                   0.0000   1.000000               0.0032                            0.0180                        0.0000
       ppg_only       cross_attention       50      0.096493  2.878379 0.005908           0.093758 [+0.058, +0.129]          0.0000                        7.690846            [+2.941, +12.328]                       0.0008                    0.049051         [+0.017, +0.082]                   0.0024   0.076807               0.0000                            0.0088                        0.0120
       ecg_only                concat       50      0.050761  1.540744 0.129813           0.051114 [+0.025, +0.077]          0.0000                        4.924483             [+1.907, +7.874]                       0.0008                    0.095935         [+0.061, +0.131]                   0.0000   1.000000               0.0000                            0.0088                        0.0000
cross_attention    bi_cross_attention       50     -0.008017 -0.281034 0.779868          -0.007719 [-0.023, +0.008]          0.3328                       -0.720580             [-2.611, +1.200]                       0.4632                    0.020325         [+0.005, +0.036]                   0.0048   1.000000               1.0000                            1.0000                        0.0192
cross_attention     joint_transformer       50     -0.006914 -0.204249 0.839005          -0.006282 [-0.025, +0.013]          0.5064                       -1.117265             [-3.338, +1.077]                       0.3304                    0.023848         [+0.007, +0.042]                   0.0076   1.000000               1.0000                            1.0000                        0.0228
cross_attention            bottleneck       50     -0.047065 -1.233738 0.223186          -0.047422 [-0.070, -0.026]          0.0000                       -4.787116             [-7.404, -2.210]                       0.0000                   -0.034959         [-0.054, -0.016]                   0.0000   1.000000               0.0000                            0.0000                        0.0000
cross_attention gated_cross_attention       50     -0.001236 -0.034559 0.972572          -0.001684 [-0.015, +0.012]          0.8152                       -0.838427             [-2.422, +0.807]                       0.3028                    0.004336         [-0.009, +0.018]                   0.5264   1.000000               1.0000                            1.0000                        1.0000
       ecg_only              resnet1d       50      0.117519  3.050230 0.003684           0.117995 [+0.089, +0.148]          0.0000                       11.787434            [+8.327, +15.348]                       0.0000                    0.186450         [+0.149, +0.224]                   0.0000   0.051576               0.0000                            0.0000                        0.0000
       resnet1d       cross_attention       50     -0.061011 -1.793871 0.079005          -0.060429 [-0.087, -0.035]          0.0000                       -6.224529             [-9.536, -3.001]                       0.0004                   -0.095393         [-0.126, -0.066]                   0.0000   0.948064               0.0000                            0.0048                        0.0000
  inceptiontime       cross_attention       50     -0.032992 -0.830295 0.410399          -0.032344 [-0.065, +0.000]          0.0508                       -3.042401             [-6.956, +0.935]                       0.1224                   -0.097290         [-0.129, -0.067]                   0.0000   1.000000               0.3556                            0.8568                        0.0000
          bigru       cross_attention       50      0.020594  0.561359 0.577111           0.020884 [-0.003, +0.046]          0.0920                        1.678098             [-1.217, +4.660]                       0.2664                   -0.049593         [-0.074, -0.025]                   0.0000   1.000000               0.5520                            1.0000                        0.0000
            tcn       cross_attention       50     -0.052499 -1.471226 0.147623          -0.051512 [-0.080, -0.023]          0.0000                       -5.263031             [-8.901, -1.703]                       0.0036                   -0.091870         [-0.123, -0.061]                   0.0000   1.000000               0.0000                            0.0288                        0.0000
    transformer       cross_attention       50      0.143627  3.658672 0.000619           0.143521 [+0.112, +0.176]          0.0000                       14.711835           [+10.872, +18.682]                       0.0000                    0.246070         [+0.214, +0.278]                   0.0000   0.009911               0.0000                            0.0000                        0.0000
            ssm       cross_attention       50     -0.024165 -0.677926 0.501007          -0.024188 [-0.058, +0.009]          0.1612                       -2.709133             [-6.955, +1.464]                       0.2020                   -0.057995         [-0.087, -0.028]                   0.0004   1.000000               0.8060                            1.0000                        0.0024
   gbm_features       cross_attention       50     -0.099582 -3.092533 0.003272          -0.098811 [-0.133, -0.066]          0.0000                       -9.896510            [-14.245, -5.762]                       0.0000                   -0.188889         [-0.222, -0.156]                   0.0000   0.049083               0.0000                            0.0000                        0.0000
